37,20
12,20
13,27
12,21
23,31
31,26
26,33
29,25
37,34
29,23
14,31
28,24
42,29
43,31
48,28
47,29
56,37
81,33
42,40
70,36
65,42
72,35
51,43
67,34
59,42
61,30
135,56
59,33
41,40
40,30
80,44
49,36
44,42
27,28
27,44
45,30
41,48
47,35
50,46
6,3
64,48
22,15
44,62
0,1
13,47
8,20
11,20
12,27
9,21
23,31
29,26
32,33
33,25
42,34
29,23
16,31
22,24
40,29
42,31
46,28
47,29
56,37
77,33
41,40
71,36
66,42
75,35
51,43
67,34
59,42
62,30
133,56
60,33
41,40
40,30
80,44
47,36
44,42
27,28
27,44
45,30
41,48
44,35
51,46
6,3
64,48
21,15
45,62
0,1
14,47
48,35
102,41
106,38
115,36
71,36
63,33
43,32
70,31
42,37
63,31
47,35
66,30
38,37
77,30
103,45
140,32
57,51
43,28
25,34
48,33
61,40
32,29
22,31
25,22
14,31
18,24
11,33
12,17
37,35
5,18
7,30
5,16
8,32
5,19
12,26
13,21
7,27
3,22
12,22
5,18
4,6
6,17
10,23
13,22
14,27
12,21
26,28
11,20
14,22
8,13
20,28
11,15
18,27
8,15
18,21
14,20
13,20
13,18
16,29
8,16
12,26
6,13
18,25
8,13
18,26
8,14
22,24
12,19
17,28
9,17
11,23
9,18
9,17
12,14
17,26
6,16
7,20
4,13
7,22
6,15
8,25
3,13
5,23
9,15
10,28
7,14
14,28
7,16
10,27
7,16
10,22
5,16
14,27
6,16
7,29
9,16
12,33
3,6
6,20
1,6
5,23
1,6
2,17
0,4
2,18
0,6
1,15
0,3
2,16
1,6
2,16
0,4
1,17
1,5
3,16
1,8
2,13
1,8
2,14
1,6
3,14
1,7
2,15
1,7
2,16
1,6
2,15
0,4
1,18
0,4
2,17
0,4
1,16
0,8
0,11
0,7
1,12
0,4
1,16
0,6
1,19
1,6
2,17
0,5
1,13
0,5
1,11
1,5
1,14
1,5
2,17
1,6
2,16
0,5
0,12
0,5
1,14
0,8
0,14
0,5
1,11
0,5
1,14
0,5
0,12
0,5
0,12
0,4
1,14
0,7
0,14
0,8
1,11
0,2
1,17
0,4
1,17
0,6
0,12
0,2
1,12
0,3
0,12
0,2
0,12
0,1
0,11
0,3
0,11
0,2
1,14
0,2
2,16
1,5
1,14
1,7
2,15
1,6
1,15
0,3
1,12
1,7
1,11
1,7
2,13
0,3
5,29
0,2
3,32
1,3
4,34
0,3
3,38
1,3
4,36
1,4
5,33
1,6
4,34
1,6
5,33
1,6
3,34
1,4
3,37
0,1
2,33
0,1
2,31
0,1
3,33
0,1
3,33
0,4
3,33
1,6
2,37
0,3
2,29
0,2
1,32
0,3
2,38
0,3
1,36
0,2
2,36
0,1
3,38
0,3
2,35
0,4
2,31
0,3
2,32
0,4
2,32
0,4
1,34
0,2
1,30
0,1
3,33
63,35
124,41
110,38
115,36
72,36
63,33
42,32
70,31
41,37
63,31
46,35
66,30
38,37
78,30
101,45
137,32
58,51
43,28
25,34
47,33
61,40
32,29
22,31
25,22
14,31
18,24
10,33
11,17
37,35
4,18
7,30
5,16
8,32
5,19
12,26
13,21
7,27
3,22
10,22
6,18
4,6
7,17
11,23
13,22
15,27
12,21
26,28
11,20
14,22
8,13
20,28
10,15
18,27
8,15
18,21
12,20
13,20
13,18
16,29
7,16
12,26
6,13
18,25
8,13
20,26
8,14
22,24
12,19
17,28
9,17
11,23
9,18
9,17
11,14
17,26
7,16
7,20
4,13
6,22
6,15
8,25
3,13
5,23
9,15
11,28
7,14
14,28
8,16
10,27
7,16
11,22
5,16
14,27
6,16
8,29
8,16
12,33
4,6
6,20
1,6
5,23
1,6
2,17
1,4
2,18
0,6
1,15
0,3
2,16
1,6
2,16
0,4
1,17
0,5
3,16
1,8
2,13
1,8
2,14
1,6
3,14
1,7
2,15
1,7
2,16
1,6
2,15
0,4
1,18
0,4
2,17
0,4
1,16
0,8
0,11
0,7
1,12
0,4
1,16
0,6
1,19
1,6
2,17
1,5
1,13
0,5
1,11
1,5
1,14
1,5
2,17
1,6
2,16
0,5
0,12
0,5
1,14
0,8
0,14
0,5
1,11
0,5
1,14
0,5
0,12
0,5
0,12
0,4
1,14
0,7
0,14
0,8
1,11
0,2
1,17
0,4
1,17
0,6
0,12
0,2
1,12
0,3
1,12
0,2
0,12
0,1
0,11
0,3
0,11
0,2
1,14
0,2
2,16
0,5
1,14
1,7
2,15
1,6
1,15
0,3
1,12
1,7
1,11
1,7
2,13
0,3
5,29
0,2
3,32
1,3
4,34
0,3
4,38
0,3
3,36
0,4
3,33
1,6
2,34
1,6
5,33
1,6
3,34
1,4
3,37
0,1
2,33
0,1
2,31
0,1
3,33
0,1
3,33
0,4
2,33
1,6
2,37
0,3
2,29
0,2
2,32
0,3
2,38
0,3
1,36
0,2
2,36
0,1
3,38
0,3
1,35
0,4
2,31
0,3
3,32
0,4
2,32
1,4
2,34
0,2
1,30
0,1
2,33
64,44
74,38
119,44
12,3
101,41
32,6
98,43
97,37
60,43
72,35
98,45
71,41
193,42
16,5
69,36
70,43
116,43
88,40
18,4
36,42
7,2
70,44
17,26
39,38
22,28
22,37
51,26
48,42
44,26
53,45
14,5
40,45
5,2
61,49
16,23
38,45
16,22
36,52
4,3
60,51
9,5
64,51
30,29
58,53
5,3
45,54
36,18
84,53
21,24
67,66
2,2
38,65
2,3
31,69
1,1
26,63
63,44
74,38
119,44
11,3
104,41
34,6
94,43
97,37
60,43
73,35
95,45
71,41
180,42
14,5
67,36
71,43
117,43
85,40
19,4
36,42
7,2
71,44
15,26
40,38
22,28
22,37
52,26
48,42
43,26
53,45
12,5
39,45
5,2
62,49
15,23
38,45
16,22
35,52
4,3
59,51
9,5
65,51
29,29
58,53
5,3
43,54
36,18
84,53
23,24
64,66
1,2
38,65
2,3
31,69
1,1
25,63
122,40
66,39
68,37
113,42
68,36
115,40
100,44
120,37
53,41
32,29
51,43
86,29
117,49
83,31
107,48
88,31
121,50
69,38
109,48
94,40
77,40
67,32
83,42
90,32
47,45
26,27
20,38
10,21
14,28
10,29
2,1
16,34
9,5
18,31
7,28
15,30
7,25
5,31
0,1
4,29
117,40
68,39
77,37
117,42
68,36
114,40
100,44
122,37
50,41
26,29
49,43
84,29
109,49
83,31
104,48
86,31
117,50
69,38
107,48
93,40
77,40
68,32
75,42
88,32
45,45
26,27
19,38
9,21
13,28
10,29
2,1
16,34
8,5
18,31
8,28
15,30
6,25
5,31
0,1
4,29
51,31
36,38
69,36
36,46
63,34
64,45
43,36
57,39
100,42
65,39
56,42
63,38
114,47
132,45
224,43
158,49
243,41
112,50
93,35
124,51
110,40
151,49
114,39
137,48
156,43
95,47
79,34
118,44
134,37
118,43
73,36
132,45
36,30
53,45
98,36
107,45
52,26
43,50
43,19
85,55
1,1
21,54
53,31
36,38
72,36
39,46
63,34
65,45
54,36
64,39
94,42
52,39
56,42
62,38
111,47
130,45
159,43
136,49
172,41
92,50
91,35
122,51
107,40
134,49
108,39
139,48
155,43
103,47
79,34
116,44
130,37
104,43
71,36
132,45
35,30
50,45
97,36
92,45
46,26
30,50
40,19
77,55
1,1
20,54
170,41
142,41
166,39
250,44
56,33
23,38
21,25
31,41
34,27
45,43
45,30
84,44
33,25
60,42
53,25
61,43
48,24
69,39
51,23
46,43
43,26
89,47
27,21
94,48
38,22
108,46
32,22
36,42
34,20
58,39
9,15
23,35
2,3
12,38
7,16
16,38
18,16
36,38
15,16
25,36
7,16
13,35
7,19
15,30
6,6
18,36
5,5
13,38
2,3
34,40
13,23
4,4
6,18
22,41
3,4
34,38
9,15
19,35
9,14
18,37
7,13
18,40
6,11
10,39
2,3
8,29
1,2
6,35
3,5
16,35
0,1
7,41
2,8
7,43
1,4
6,43
1,4
6,43
0,3
4,38
1,4
4,32
1,3
5,40
1,4
5,40
0,3
5,38
0,4
3,33
0,3
4,40
1,4
4,37
0,3
3,33
0,4
4,36
0,3
4,36
0,3
5,39
0,1
5,36
0,1
5,36
1,2
5,36
0,3
4,36
0,2
4,37
0,2
4,38
0,1
5,36
1,3
4,36
1,4
4,36
1,3
4,37
0,3
4,38
0,2
5,35
3,5
4,35
1,5
4,38
2,4
10,35
151,41
142,41
166,39
254,44
57,33
23,38
21,25
31,41
35,27
45,43
45,30
85,44
32,25
61,42
53,25
61,43
48,24
69,39
51,23
46,43
43,26
90,47
27,21
93,48
39,22
107,46
32,22
36,42
34,20
59,39
9,15
23,35
1,3
12,38
7,16
16,38
18,16
36,38
16,16
25,36
7,16
13,35
7,19
15,30
6,6
18,36
5,5
13,38
2,3
33,40
13,23
4,4
6,18
22,41
3,4
34,38
8,15
18,35
9,14
18,37
7,13
17,40
5,11
10,39
2,3
8,29
0,2
6,35
3,5
16,35
0,1
8,41
2,8
7,43
1,4
6,43
1,4
6,43
0,3
4,38
1,4
4,32
1,3
5,40
1,4
5,40
0,3
5,38
0,4
3,33
1,3
4,40
1,4
4,37
0,3
3,33
0,4
4,36
0,3
4,36
0,3
5,39
0,1
5,36
0,1
5,36
0,2
4,36
0,3
4,36
0,2
4,37
0,2
4,38
0,1
5,36
1,3
4,36
1,4
4,36
1,3
4,37
0,3
4,38
0,2
5,35
3,5
4,35
1,5
4,38
1,4
10,35
87,28
50,36
22,26
51,40
24,29
52,41
47,27
74,50
22,28
55,42
31,29
48,40
18,31
2,2
12,24
43,36
19,24
26,36
6,5
51,38
20,27
13,35
27,24
27,40
56,30
26,46
28,31
44,50
8,4
27,45
6,10
13,52
6,9
31,51
14,13
34,52
12,14
26,54
4,4
26,54
1,1
25,47
1,2
17,47
1,1
9,44
5,11
15,45
5,12
15,51
5,12
15,50
5,13
16,53
5,12
14,49
6,13
9,44
5,12
10,47
4,13
11,43
4,12
9,41
5,13
9,44
3,12
10,40
4,13
9,41
4,12
12,44
7,12
10,46
4,11
12,47
3,12
11,46
5,11
11,49
3,12
8,47
1,11
7,46
2,12
8,49
2,11
9,46
1,1
11,41
88,28
51,36
22,26
51,40
24,29
53,41
47,27
72,50
22,28
55,42
30,29
50,40
18,31
2,2
12,24
44,36
13,24
26,36
6,5
51,38
21,27
19,35
27,24
25,40
43,30
25,46
26,31
41,50
6,4
23,45
6,10
12,52
4,9
29,51
14,13
33,52
12,14
27,54
4,4
24,54
1,1
24,47
1,2
16,47
0,1
11,44
4,11
16,45
5,12
14,51
6,12
15,50
6,13
16,53
5,12
13,49
5,13
8,44
5,12
9,47
4,13
8,43
3,12
8,41
4,13
8,44
3,12
7,40
3,13
9,41
3,12
10,44
7,12
9,46
3,11
10,47
3,12
10,46
4,11
9,49
2,12
8,47
1,11
7,46
2,12
8,49
2,11
9,46
1,1
11,41
113,34
38,39
39,36
41,34
48,40
37,33
43,40
72,33
90,44
66,39
70,40
23,10
51,32
83,46
66,31
91,54
68,33
83,50
49,30
67,52
7,3
39,58
2,1
30,56
110,34
36,39
38,36
39,34
48,40
37,33
42,40
73,33
92,44
65,39
71,40
22,10
51,32
81,46
67,31
89,54
68,33
80,50
49,30
68,52
7,3
36,58
2,1
30,56
92,40
49,41
128,42
96,43
69,46
47,37
32,6
153,43
147,43
39,38
8,5
21,38
39,39
13,5
78,43
95,35
93,40
39,34
73,35
82,36
94,34
141,40
59,38
64,34
55,36
53,30
83,40
41,25
55,44
79,29
19,3
46,35
17,54
3,2
21,42
9,6
30,41
32,27
44,40
22,26
9,6
13,19
15,40
2,2
23,36
0,1
4,20
1,8
3,20
1,6
4,20
1,7
1,14
0,6
1,14
0,8
2,20
0,6
2,21
1,6
2,20
0,4
1,20
0,4
2,22
0,5
7,22
1,7
5,20
1,5
2,19
1,5
2,20
0,5
4,19
1,7
4,20
1,7
3,19
0,7
3,20
1,8
2,16
0,8
1,17
0,8
1,17
0,8
1,16
0,3
3,21
0,6
1,20
0,7
1,21
0,7
2,21
0,8
2,20
0,5
3,20
1,8
5,19
2,8
3,17
1,7
4,19
1,8
1,18
0,7
3,18
0,7
1,14
0,6
1,14
1,6
2,16
0,6
1,17
0,6
0,16
0,4
1,20
0,5
1,20
0,2
1,21
0,4
2,22
0,3
2,26
0,5
2,23
0,4
2,26
0,4
2,25
0,6
1,21
0,2
3,21
0,3
2,15
0,5
1,17
0,3
1,14
0,6
3,17
0,8
3,15
0,4
1,17
0,7
1,17
0,5
1,17
0,5
1,17
0,8
1,14
0,6
1,14
0,4
1,16
0,7
1,16
0,7
0,16
0,4
0,14
0,3
1,13
1,6
1,13
0,4
2,16
0,7
3,16
0,8
4,15
1,7
2,20
0,6
1,20
0,5
2,15
0,8
1,15
0,6
1,16
1,8
4,16
0,8
2,13
0,5
2,17
1,8
3,20
1,8
2,20
1,6
11,34
1,4
5,38
1,3
5,37
0,1
4,40
0,1
3,36
0,2
3,34
0,1
3,36
0,2
3,36
0,1
2,31
0,2
1,34
0,1
3,30
0,3
2,35
0,1
2,33
91,40
50,41
129,42
97,43
68,46
47,37
32,6
153,43
152,43
40,38
8,5
20,38
38,39
13,5
77,43
95,35
94,40
38,34
72,35
80,36
93,34
141,40
61,38
64,34
54,36
53,30
81,40
41,25
55,44
78,29
20,3
46,35
17,54
3,2
21,42
9,6
29,41
32,27
44,40
23,26
9,6
13,19
15,40
2,2
23,36
0,1
4,20
1,8
3,20
1,6
4,20
1,7
1,14
0,6
1,14
0,8
2,20
0,6
2,21
1,6
2,20
0,4
1,20
0,4
2,22
0,5
8,22
1,7
4,20
1,5
2,19
1,5
2,20
0,5
3,19
1,7
4,20
1,7
3,19
0,7
3,20
1,8
2,16
1,8
1,17
0,8
1,17
0,8
1,16
0,3
3,21
0,6
1,20
0,7
1,21
1,7
2,21
0,8
2,20
0,5
3,20
1,8
5,19
2,8
3,17
1,7
4,19
1,8
1,18
0,7
3,18
0,7
1,14
0,6
1,14
0,6
2,16
0,6
1,17
0,6
0,16
0,4
1,20
0,5
1,20
0,2
1,21
0,4
1,22
0,3
2,26
0,5
1,23
0,4
2,26
0,4
2,25
0,6
1,21
0,2
3,21
0,3
2,15
0,5
1,17
0,3
1,14
0,6
3,17
0,8
2,15
0,4
1,17
0,7
1,17
0,5
2,17
0,5
1,17
0,8
1,14
0,6
1,14
0,4
2,16
0,7
1,16
0,7
0,16
0,4
0,14
0,3
1,13
0,6
1,13
0,4
2,16
1,7
3,16
0,8
4,15
1,7
2,20
0,6
2,20
0,5
2,15
0,8
2,15
0,6
1,16
1,8
4,16
0,8
2,13
0,5
2,17
1,8
4,20
1,8
2,20
2,6
11,34
1,4
6,38
1,3
4,37
0,1
4,40
0,1
3,36
0,2
3,34
0,1
3,36
0,2
3,36
0,1
2,31
0,2
1,34
0,1
3,30
0,3
2,35
0,1
2,33
46,30
33,35
39,8
103,41
107,33
33,40
58,38
70,43
78,39
68,43
73,40
86,37
70,44
58,36
56,42
39,36
50,44
52,35
61,42
45,31
42,46
51,29
44,47
51,31
44,44
95,35
47,50
46,34
46,38
47,35
80,43
59,34
70,45
55,31
4,2
31,21
14,11
22,25
43,43
2,1
64,54
4,3
31,48
1,1
18,48
14,17
28,58
21,20
22,56
17,22
19,49
11,20
16,50
10,22
12,47
10,20
13,48
11,22
10,45
10,19
11,47
12,21
14,53
3,7
12,50
4,10
12,47
11,11
14,49
2,5
22,50
46,30
35,35
39,8
102,41
108,33
33,40
58,38
69,43
76,39
66,43
71,40
86,37
69,44
58,36
56,42
39,36
51,44
52,35
62,42
45,31
43,46
51,29
43,47
52,31
43,44
97,35
44,50
45,34
44,38
47,35
80,43
59,34
69,45
57,31
4,2
30,21
14,11
24,25
40,43
2,1
65,54
3,3
31,48
1,1
17,48
14,17
24,58
20,20
22,56
16,22
19,49
11,20
17,50
10,22
11,47
10,20
13,48
10,22
11,45
10,19
11,47
12,21
13,53
2,7
12,50
4,10
12,47
8,11
14,49
2,5
22,50
20,38
23,22
19,40
24,19
40,39
27,25
16,35
34,23
84,41
33,23
76,39
47,28
71,43
36,26
99,45
64,33
85,45
101,34
181,43
106,34
128,44
37,28
41,48
19,24
17,34
2,3
13,39
6,16
1,3
4,19
7,21
9,17
8,22
5,14
14,26
6,14
12,25
4,17
14,27
9,15
13,29
9,17
13,25
11,16
14,29
6,18
21,29
0,16
3,23
3,11
18,29
4,10
12,25
4,10
6,29
5,9
15,28
3,10
2,23
0,3
4,28
2,6
4,30
2,6
4,30
1,6
2,30
1,5
3,29
1,3
9,26
0,4
3,25
0,3
5,25
1,5
3,27
1,5
5,26
1,6
3,25
1,5
4,25
1,6
4,26
1,9
3,25
0,4
4,20
1,7
3,21
1,5
1,21
0,2
4,22
1,7
10,28
0,5
2,27
1,5
3,30
1,7
5,32
1,4
5,34
1,4
5,34
1,8
3,23
0,4
3,21
1,3
3,26
1,5
4,23
0,4
4,23
1,5
6,23
1,5
2,22
0,3
3,25
0,5
5,26
1,7
2,26
0,4
3,32
0,1
3,34
0,3
5,32
1,3
3,30
0,4
2,23
0,1
3,29
0,4
2,26
0,7
2,24
0,4
2,24
0,2
1,20
0,3
3,29
1,4
4,34
0,4
2,34
0,2
2,29
1,7
3,26
0,3
3,33
0,3
2,33
0,4
1,27
0,2
3,29
0,4
1,22
0,5
2,25
0,3
2,27
0,4
2,25
0,2
3,27
1,5
3,24
1,5
2,27
0,4
2,24
0,3
2,31
0,4
2,33
0,4
2,32
0,2
2,33
0,4
2,27
1,3
3,29
0,3
5,32
1,4
3,30
0,3
2,29
0,1
3,33
0,2
4,28
0,4
2,21
0,6
2,31
0,3
4,33
1,4
5,32
1,5
5,36
1,5
5,36
1,6
4,29
0,2
3,33
0,4
5,30
0,2
2,28
0,4
3,27
0,2
5,30
0,1
5,31
19,38
23,22
20,40
24,19
40,39
27,25
15,35
33,23
86,41
34,23
75,39
47,28
70,43
36,26
99,45
65,33
86,45
100,34
186,43
105,34
128,44
38,28
41,48
19,24
18,34
2,3
13,39
6,16
1,3
4,19
7,21
8,17
7,22
5,14
14,26
6,14
12,25
4,17
14,27
9,15
13,29
9,17
13,25
11,16
14,29
6,18
22,29
0,16
3,23
3,11
18,29
4,10
12,25
4,10
6,29
4,9
15,28
3,10
2,23
0,3
4,28
2,6
4,30
2,6
4,30
1,6
2,30
1,5
3,29
1,3
9,26
0,4
2,25
0,3
5,25
1,5
2,27
1,5
5,26
1,6
3,25
1,5
3,25
1,6
4,26
1,9
3,25
0,4
4,20
1,7
3,21
1,5
1,21
0,2
4,22
1,7
9,28
0,5
2,27
1,5
3,30
1,7
5,32
1,4
5,34
1,4
5,34
1,8
3,23
0,4
2,21
0,3
3,26
1,5
4,23
0,4
4,23
1,5
6,23
1,5
2,22
0,3
2,25
0,5
5,26
1,7
2,26
0,4
3,32
0,1
4,34
0,3
6,32
1,3
3,30
0,4
2,23
0,1
3,29
0,4
2,26
0,7
2,24
0,4
2,24
0,2
1,20
0,3
3,29
1,4
4,34
0,4
2,34
0,2
3,29
1,7
2,26
0,3
3,33
0,3
2,33
0,4
1,27
0,2
3,29
0,4
2,22
0,5
2,25
0,3
2,27
0,4
2,25
0,2
3,27
0,5
3,24
0,5
2,27
0,4
2,24
0,3
2,31
0,4
2,33
0,4
2,32
0,2
2,33
0,4
1,27
0,3
4,29
0,3
5,32
1,4
3,30
0,3
2,29
0,1
3,33
0,2
5,28
0,4
2,21
0,6
2,31
0,3
4,33
1,4
5,32
1,5
5,36
1,5
5,36
1,6
3,29
0,2
3,33
0,4
5,30
0,2
2,28
0,4
2,27
0,2
6,30
0,1
5,31
68,34
81,37
68,37
96,39
85,37
165,40
109,37
167,40
141,35
145,37
82,37
118,36
179,38
144,40
159,36
131,39
33,35
32,38
55,32
39,34
47,34
53,32
36,27
22,28
66,35
73,32
75,34
17,34
27,28
43,30
9,4
45,31
4,2
39,32
8,3
43,30
13,6
62,36
81,32
76,38
36,33
55,34
13,7
37,22
26,37
3,3
28,32
41,22
22,28
27,28
30,32
20,21
58,43
6,5
60,36
27,21
48,36
13,19
51,41
24,25
12,7
28,27
19,41
12,23
18,34
13,16
21,46
8,14
10,49
8,11
36,46
7,12
16,46
6,15
11,39
5,11
10,37
3,7
9,40
1,2
8,27
0,4
1,19
0,7
2,21
0,5
1,20
0,3
2,17
0,6
3,24
0,6
1,21
0,3
2,24
0,6
3,24
0,8
3,22
0,5
1,16
0,4
2,23
0,6
1,19
0,3
1,21
0,3
2,19
0,6
1,19
0,4
2,23
0,5
1,20
0,3
2,20
0,5
2,23
0,6
1,19
0,1
1,22
0,2
1,22
0,4
2,20
0,3
1,23
0,4
3,23
0,5
2,16
0,3
2,20
0,5
1,19
0,3
1,20
0,3
2,20
0,6
2,20
0,5
1,16
0,4
1,16
0,5
1,20
0,4
3,19
0,5
1,19
0,4
3,22
1,4
5,40
0,3
4,41
0,2
4,41
0,2
5,40
67,34
80,37
68,37
97,39
85,37
163,40
126,37
165,40
138,35
147,37
83,37
117,36
177,38
143,40
161,36
132,39
33,35
31,38
60,32
39,34
48,34
51,32
36,27
22,28
66,35
73,32
74,34
17,34
26,28
43,30
9,4
45,31
5,2
39,32
7,3
43,30
13,6
62,36
79,32
74,38
36,33
53,34
14,7
37,22
26,37
3,3
28,32
40,22
22,28
27,28
29,32
20,21
57,43
6,5
60,36
27,21
47,36
13,19
51,41
24,25
12,7
28,27
19,41
12,23
18,34
13,16
21,46
8,14
10,49
8,11
37,46
6,12
14,46
6,15
12,39
5,11
10,37
3,7
9,40
1,2
9,27
1,4
1,19
0,7
2,21
0,5
1,20
0,3
2,17
1,6
3,24
0,6
1,21
0,3
2,24
0,6
3,24
0,8
2,22
0,5
1,16
0,4
2,23
1,6
1,19
0,3
1,21
0,3
2,19
0,6
1,19
1,4
2,23
0,5
1,20
0,3
2,20
0,5
2,23
0,6
1,19
0,1
1,22
0,2
1,22
0,4
2,20
0,3
1,23
0,4
3,23
0,5
2,16
0,3
2,20
0,5
1,19
0,3
1,20
0,3
2,20
0,6
2,20
0,5
1,16
0,4
1,16
0,5
1,20
0,4
3,19
0,5
1,19
1,4
4,22
1,4
5,40
0,3
4,41
0,2
4,41
0,2
5,40
34,45
18,32
130,40
45,44
77,32
61,43
74,39
33,40
68,42
44,40
70,49
39,47
48,41
84,46
146,53
110,40
267,52
95,41
49,40
71,41
42,41
68,42
70,45
45,40
136,46
77,41
82,42
54,42
53,42
81,45
70,40
56,45
75,41
80,43
100,49
102,44
61,44
75,41
66,39
94,42
37,36
76,41
44,37
35,41
76,36
65,41
72,34
73,39
28,37
64,37
65,36
84,39
104,44
66,36
41,43
4,3
32,47
1,1
31,46
1,1
23,50
2,1
24,44
35,45
18,32
128,40
46,44
76,32
60,43
73,39
33,40
67,42
49,40
70,49
39,47
49,41
82,46
146,53
110,40
265,52
93,41
49,40
70,41
42,41
68,42
69,45
45,40
137,46
79,41
82,42
54,42
52,42
80,45
71,40
56,45
77,41
79,43
99,49
100,44
61,44
76,41
62,39
94,42
36,36
77,41
45,37
34,41
77,36
64,41
72,34
73,39
28,37
63,37
64,36
83,39
108,44
67,36
39,43
4,3
32,47
1,1
31,46
1,1
23,50
2,1
25,44
120,41
116,47
67,42
128,43
209,48
111,38
96,50
80,40
88,49
121,39
165,51
94,38
198,46
76,37
29,44
80,34
85,47
67,33
32,46
70,33
113,47
62,33
108,48
94,40
120,50
127,38
75,51
109,33
120,50
42,30
58,44
4,2
94,50
27,28
34,56
5,3
57,57
5,2
73,53
16,21
59,42
43,36
55,38
11,6
21,38
4,3
32,46
1,1
14,47
1,1
13,50
2,2
12,48
123,41
115,47
67,42
131,43
208,48
108,38
96,50
81,40
86,49
124,39
163,51
95,38
196,46
76,37
30,44
80,34
85,47
66,33
32,46
70,33
110,47
62,33
110,48
94,40
120,50
126,38
77,51
106,33
122,50
42,30
58,44
4,2
95,50
28,28
35,56
5,3
57,57
5,2
73,53
17,21
60,42
42,36
52,38
11,6
21,38
4,3
33,46
1,1
13,47
1,1
13,50
2,2
12,48
162,38
96,45
153,37
64,48
56,40
58,46
155,41
186,46
156,43
16,5
125,39
145,49
175,41
124,46
146,40
101,45
131,38
77,49
53,31
68,46
121,37
85,49
24,25
20,47
36,22
52,49
55,25
68,48
36,25
53,46
62,27
73,45
62,33
52,34
24,29
31,37
26,25
34,31
25,32
45,35
24,31
41,37
26,31
38,37
40,23
27,27
10,20
13,16
3,17
4,19
1,2
8,24
4,14
4,17
5,16
7,18
4,14
11,22
5,17
7,17
5,17
3,16
9,17
5,21
7,22
10,19
4,6
4,23
6,12
7,24
4,11
5,16
4,16
4,13
3,11
4,12
3,11
3,10
3,13
5,11
9,18
4,7
6,16
3,6
5,22
5,18
4,10
5,21
0,2
1,16
3,14
1,5
2,13
1,4
2,15
0,5
0,5
0,7
0,4
0,8
0,5
0,9
0,4
1,13
0,3
1,13
1,7
1,15
0,3
1,13
161,38
97,45
150,37
64,48
56,40
58,46
155,41
183,46
157,43
16,5
126,39
145,49
177,41
126,46
143,40
101,45
131,38
77,49
54,31
67,46
122,37
83,49
26,25
19,47
36,22
50,49
54,25
68,48
35,25
53,46
63,27
71,45
67,33
52,34
24,29
30,37
27,25
34,31
25,32
42,35
24,31
41,37
26,31
37,37
40,23
27,27
10,20
13,16
3,17
4,19
1,2
8,24
3,14
4,17
5,16
7,18
4,14
11,22
5,17
7,17
6,17
3,16
9,17
5,21
7,22
10,19
4,6
4,23
6,12
7,24
4,11
5,16
4,16
3,13
3,11
4,12
3,11
3,10
3,13
5,11
9,18
4,7
6,16
3,6
5,22
5,18
4,10
5,21
0,2
1,16
3,14
1,5
2,13
1,4
3,15
0,5
0,5
0,7
0,4
0,8
0,5
0,9
0,4
1,13
0,3
1,13
1,7
1,15
0,3
1,13
114,46
69,38
123,44
153,42
119,47
154,46
87,40
54,45
67,45
69,41
55,38
34,43
4,2
45,45
26,20
47,50
2,2
26,42
6,12
29,44
9,13
27,41
10,20
42,43
14,19
16,36
14,14
68,46
32,19
42,41
37,25
42,43
22,21
42,46
27,22
52,47
37,31
108,58
5,4
38,49
13,20
48,50
7,6
47,54
3,3
41,56
0,1
20,53
1,2
18,53
1,1
18,48
114,46
69,38
123,44
154,42
120,47
156,46
84,40
54,45
65,45
70,41
55,38
34,43
4,2
45,45
26,20
47,50
2,2
26,42
6,12
28,44
9,13
27,41
10,20
42,43
14,19
16,36
14,14
69,46
31,19
44,41
36,25
42,43
22,21
42,46
27,22
52,47
37,31
109,58
5,4
39,49
12,20
49,50
6,6
45,54
3,3
41,56
1,1
20,53
1,2
18,53
0,1
17,48
11,28
35,32
58,35
37,31
55,37
19,29
46,35
12,4
73,39
117,41
34,36
8,3
39,39
32,45
31,32
43,48
26,31
46,42
34,36
53,39
33,37
23,40
1,2
14,29
10,27
1,1
7,16
20,25
9,17
4,21
8,17
11,24
8,20
9,25
16,21
15,24
14,21
9,26
15,20
5,26
13,20
6,27
11,19
16,25
8,19
8,26
4,17
12,26
5,18
5,7
4,18
3,7
2,20
6,17
4,16
5,21
2,12
2,5
3,11
1,16
2,12
4,12
3,13
4,13
2,11
3,13
3,13
1,12
3,12
3,17
1,14
4,15
2,15
2,10
2,16
2,6
2,15
1,14
1,12
2,13
2,12
2,10
5,14
1,9
1,13
1,7
1,13
1,8
1,14
1,8
1,11
1,7
2,17
1,7
1,12
1,6
1,13
2,9
1,15
1,6
2,16
2,7
2,16
2,9
3,16
2,9
2,11
1,5
5,27
1,5
4,25
1,6
5,32
1,4
4,32
1,6
2,30
0,3
2,29
0,2
2,26
0,3
3,30
0,3
5,30
0,4
2,32
2,4
6,31
1,5
2,32
0,3
3,31
0,1
1,31
0,1
1,29
0,1
0,27
0,1
1,28
0,1
1,26
0,1
1,25
0,1
1,26
13,28
35,32
58,35
37,31
54,37
19,29
44,35
12,4
73,39
116,41
35,36
8,3
37,39
32,45
31,32
42,48
26,31
46,42
35,36
52,39
32,37
23,40
1,2
16,29
11,27
1,1
6,16
20,25
9,17
4,21
8,17
11,24
7,20
9,25
16,21
15,24
14,21
9,26
15,20
5,26
13,20
7,27
11,19
15,25
8,19
9,26
4,17
12,26
6,18
5,7
3,18
3,7
3,20
6,17
4,16
5,21
2,12
2,5
3,11
1,16
2,12
4,12
3,13
4,13
2,11
4,13
3,13
1,12
3,12
3,17
1,14
4,15
2,15
2,10
2,16
2,6
2,15
1,14
1,12
2,13
2,12
2,10
5,14
1,9
1,13
1,7
1,13
1,8
1,14
1,8
1,11
1,7
2,17
1,7
1,12
1,6
1,13
2,9
1,15
1,6
2,16
2,7
2,16
2,9
3,16
3,9
2,11
2,5
5,27
1,5
4,25
1,6
5,32
1,4
4,32
1,6
3,30
0,3
2,29
0,2
2,26
0,3
3,30
0,3
5,30
0,4
2,32
1,4
5,31
1,5
2,32
0,3
3,31
0,1
1,31
0,1
1,29
0,1
0,27
0,1
1,28
0,1
1,26
0,1
1,25
0,1
1,26
50,37
83,32
74,39
75,32
77,34
90,41
103,41
51,41
93,39
36,39
7,2
71,35
44,35
33,30
41,33
60,36
36,33
46,32
8,3
33,26
17,8
48,32
14,5
24,31
7,3
42,33
9,5
38,26
13,6
24,20
10,28
4,9
9,28
2,4
7,32
2,5
6,28
6,10
8,30
4,7
6,37
1,3
10,34
3,6
8,32
3,7
14,31
2,6
9,32
2,6
11,31
2,6
13,33
1,5
4,30
1,3
7,33
0,2
3,32
0,1
3,32
0,3
3,31
0,2
1,32
0,2
2,32
0,2
2,31
0,1
2,30
50,37
82,32
74,39
75,32
77,34
90,41
103,41
51,41
93,39
37,39
7,2
71,35
44,35
34,30
41,33
59,36
36,33
44,32
8,3
33,26
17,8
48,32
14,5
24,31
7,3
43,33
9,5
38,26
14,6
24,20
10,28
4,9
9,28
1,4
6,32
2,5
6,28
6,10
9,30
4,7
6,37
1,3
10,34
3,6
8,32
2,7
14,31
2,6
9,32
2,6
11,31
2,6
15,33
1,5
4,30
1,3
7,33
0,2
3,32
0,1
3,32
0,3
3,31
0,2
1,32
0,2
2,32
0,2
2,31
0,1
2,30
28,32
38,32
56,32
151,37
36,34
49,32
65,38
56,36
61,33
54,36
60,32
94,35
68,32
88,32
72,34
76,31
78,31
49,32
67,31
49,33
47,32
36,30
54,33
34,27
119,37
36,31
95,42
62,37
93,41
70,36
55,44
72,31
15,3
81,32
25,4
59,31
18,5
37,25
13,5
55,31
43,44
89,29
75,46
62,35
72,42
64,38
17,8
105,47
73,37
59,43
51,30
83,46
76,36
80,47
40,35
56,46
39,36
91,40
58,36
136,42
76,40
85,37
61,35
79,39
53,38
7,2
34,39
8,2
51,44
28,32
39,32
57,32
151,37
36,34
49,32
64,38
56,36
63,33
54,36
60,32
94,35
68,32
84,32
72,34
80,31
78,31
48,32
68,31
47,33
44,32
37,30
54,33
34,27
121,37
36,31
96,42
61,37
87,41
69,36
57,44
73,31
15,3
82,32
25,4
59,31
18,5
35,25
14,5
55,31
43,44
90,29
75,46
62,35
72,42
63,38
17,8
106,47
73,37
60,43
51,30
83,46
73,36
79,47
39,35
57,46
40,36
92,40
59,36
131,42
74,40
87,37
61,35
79,39
53,38
6,2
35,39
8,2
51,44
132,52
66,36
95,46
71,36
112,47
33,37
94,45
100,33
75,46
86,26
111,46
48,19
39,39
28,19
47,40
25,16
31,39
23,16
70,37
3,4
26,32
18,19
49,32
13,20
26,26
21,22
43,33
25,21
27,33
24,28
21,31
1,3
3,5
1,2
3,16
4,15
8,25
4,14
11,25
7,12
5,23
3,14
4,19
5,11
4,16
7,13
7,17
7,17
5,17
6,17
3,17
2,13
2,13
2,9
4,15
4,10
6,22
1,4
2,20
2,11
7,25
4,15
7,22
3,15
3,20
1,13
3,14
5,13
6,18
1,5
4,19
2,16
4,19
4,16
3,20
2,17
3,16
2,9
5,18
2,6
3,15
2,8
5,17
2,14
4,13
1,15
1,5
3,15
1,9
2,20
2,6
4,20
1,5
5,20
2,10
6,17
4,12
5,16
4,11
2,18
2,12
3,17
3,12
4,18
3,10
3,20
1,10
3,19
1,11
1,17
1,9
4,18
2,10
5,17
3,11
3,16
2,12
1,11
1,11
1,12
1,9
3,15
0,8
1,11
1,9
3,14
2,10
5,17
2,10
6,17
7,13
7,19
5,11
4,19
2,9
3,16
1,9
1,13
3,8
2,18
2,11
2,18
0,7
4,18
1,9
4,19
0,6
1,12
0,6
2,15
0,9
1,17
1,8
1,17
1,8
4,19
1,9
2,19
1,6
2,19
0,5
3,19
0,5
2,17
0,6
1,15
0,6
1,19
0,6
1,19
0,5
2,19
0,7
2,19
1,8
1,19
0,6
2,19
1,7
1,18
1,5
1,17
1,7
0,14
1,6
2,17
2,9
4,18
2,9
2,18
1,9
1,18
0,6
0,13
0,5
1,15
1,7
1,14
1,9
2,10
1,9
2,17
0,8
1,13
0,5
2,18
0,6
0,18
0,4
1,18
0,3
1,15
0,1
1,18
0,3
1,20
0,4
0,22
0,1
0,20
0,3
0,14
0,3
0,15
0,3
0,15
0,3
1,16
0,7
2,12
0,5
1,16
0,7
2,16
0,7
3,18
0,8
1,18
0,5
1,17
0,4
1,18
0,5
1,18
0,5
2,18
0,8
2,18
1,8
1,17
0,8
1,18
0,8
0,16
0,5
1,14
0,6
1,15
1,6
3,18
1,6
1,19
0,3
1,17
0,3
1,17
1,6
4,20
1,6
3,18
1,6
2,22
1,6
3,23
1,6
2,16
1,6
3,26
0,2
7,38
0,3
8,38
1,4
5,37
0,1
4,37
0,3
6,37
0,2
2,40
0,1
4,38
131,52
66,36
97,46
71,36
104,47
32,37
94,45
99,33
75,46
87,26
113,46
48,19
40,39
29,19
45,40
25,16
30,39
24,16
70,37
3,4
26,32
18,19
48,32
13,20
25,26
21,22
41,33
28,21
27,33
23,28
20,31
1,3
2,5
1,2
3,16
4,15
8,25
4,14
10,25
7,12
5,23
3,14
3,19
5,11
4,16
5,13
7,17
7,17
5,17
6,17
3,17
2,13
2,13
2,9
4,15
4,10
6,22
1,4
2,20
2,11
7,25
4,15
6,22
3,15
3,20
1,13
2,14
5,13
5,18
1,5
4,19
2,16
4,19
4,16
2,20
2,17
3,16
2,9
6,18
1,6
3,15
2,8
5,17
2,14
4,13
1,15
1,5
2,15
1,9
2,20
2,6
4,20
1,5
7,20
3,10
6,17
4,12
4,16
3,11
2,18
2,12
3,17
2,12
4,18
3,10
3,20
1,10
2,19
1,11
2,17
1,9
4,18
2,10
5,17
3,11
3,16
2,12
1,11
1,11
1,12
1,9
2,15
0,8
1,11
1,9
3,14
2,10
5,17
2,10
6,17
6,13
7,19
5,11
4,19
2,9
2,16
1,9
1,13
3,8
2,18
2,11
2,18
0,7
4,18
1,9
4,19
1,6
1,12
1,6
2,15
0,9
1,17
0,8
1,17
1,8
3,19
1,9
2,19
1,6
2,19
0,5
3,19
0,5
2,17
0,6
1,15
0,6
1,19
0,6
1,19
0,5
2,19
0,7
2,19
0,8
1,19
0,6
2,19
1,7
1,18
0,5
1,17
0,7
0,14
1,6
2,17
2,9
4,18
1,9
2,18
1,9
1,18
0,6
0,13
0,5
1,15
1,7
1,14
1,9
2,10
1,9
2,17
0,8
1,13
0,5
1,18
0,6
0,18
0,4
1,18
0,3
1,15
0,1
1,18
0,3
1,20
0,4
0,22
0,1
1,20
0,3
0,14
0,3
0,15
0,3
0,15
0,3
2,16
0,7
1,12
0,5
1,16
0,7
2,16
0,7
3,18
0,8
2,18
0,5
1,17
0,4
1,18
0,5
1,18
0,5
2,18
0,8
2,18
1,8
1,17
0,8
2,18
0,8
0,16
0,5
0,14
0,6
1,15
1,6
2,18
1,6
1,19
0,3
1,17
0,3
1,17
1,6
4,20
1,6
3,18
1,6
2,22
1,6
3,23
1,6
2,16
1,6
3,26
0,2
6,38
1,3
8,38
1,4
5,37
0,1
5,37
0,3
6,37
0,2
2,40
0,1
4,38
111,49
55,46
73,42
69,43
23,35
15,36
4,2
39,24
15,28
10,22
22,26
8,23
28,27
25,22
21,27
25,23
27,34
8,19
19,35
1,2
12,28
17,25
22,30
36,27
18,29
19,26
13,28
22,24
19,27
18,21
15,27
7,16
14,29
13,21
16,28
13,17
22,33
18,23
11,32
6,5
13,30
17,21
26,33
12,21
17,31
2,4
8,29
3,5
8,23
1,3
8,28
2,5
14,26
4,4
13,27
1,3
8,28
2,5
9,28
2,4
9,24
9,20
10,26
8,23
8,23
6,18
10,22
6,18
7,24
9,18
6,25
3,5
7,27
2,5
12,30
1,6
5,29
1,4
4,33
1,4
3,28
0,1
2,26
0,2
4,31
109,49
55,46
73,42
70,43
23,35
15,36
4,2
39,24
16,28
10,22
22,26
8,23
28,27
25,22
21,27
25,23
27,34
8,19
19,35
1,2
13,28
17,25
22,30
36,27
18,29
20,26
14,28
23,24
19,27
18,21
15,27
7,16
14,29
13,21
16,28
13,17
21,33
19,23
11,32
6,5
13,30
18,21
25,33
13,21
17,31
2,4
8,29
3,5
8,23
1,3
8,28
2,5
13,26
4,4
13,27
1,3
8,28
3,5
7,28
1,4
9,24
10,20
9,26
8,23
7,23
6,18
9,22
6,18
7,24
9,18
6,25
3,5
6,27
2,5
12,30
1,6
5,29
1,4
4,33
0,4
3,28
0,1
2,26
0,2
4,31
135,33
194,44
99,34
158,48
108,37
85,44
93,42
73,44
87,37
75,42
145,32
256,50
116,33
142,42
63,34
108,42
117,36
4,3
22,30
31,33
31,32
49,37
38,36
31,34
45,34
76,35
102,35
50,36
53,31
69,39
90,34
48,42
52,33
38,36
46,31
50,31
49,35
37,35
53,37
56,39
46,32
75,36
65,32
58,36
59,33
44,38
63,35
15,38
48,33
51,38
56,35
47,35
49,28
43,35
45,26
4,2
35,25
2,1
38,31
2,1
35,29
41,33
76,39
40,31
77,36
28,30
87,33
42,35
69,32
49,29
48,29
50,30
48,30
36,26
22,27
19,27
30,29
35,30
40,29
42,34
46,30
41,34
38,26
75,34
36,25
19,33
17,21
49,33
8,5
23,28
12,16
16,25
14,21
5,6
10,21
5,20
1,4
5,21
11,12
5,25
3,11
5,22
2,14
2,17
4,15
5,21
5,14
5,19
4,14
7,18
5,13
5,22
4,10
2,18
4,11
3,22
2,5
6,21
1,3
2,20
1,4
7,16
6,13
5,16
5,14
3,18
2,8
4,15
2,6
4,14
1,4
3,14
1,6
2,15
1,4
3,15
1,3
4,19
1,6
3,21
1,5
1,12
1,4
2,25
1,6
3,26
1,7
4,26
2,8
2,27
0,1
2,32
0,2
2,30
0,1
3,30
0,1
2,30
0,1
6,31
1,5
4,30
1,3
9,48
0,2
5,48
0,1
6,48
0,2
4,43
0,1
4,45
0,2
4,45
0,1
5,44
0,2
5,45
0,1
5,45
0,2
5,44
0,1
4,43
0,2
5,48
0,1
4,44
0,2
3,45
0,1
4,45
0,2
3,44
0,1
3,45
0,2
3,45
0,1
3,43
0,2
4,45
0,1
5,45
0,2
3,48
0,1
3,45
0,2
4,45
0,1
4,48
0,2
4,48
0,1
4,46
0,2
4,48
0,1
4,46
0,2
4,45
0,1
4,48
0,2
3,46
0,1
4,48
0,2
3,48
0,1
4,48
0,2
3,45
0,1
4,45
0,2
3,46
0,1
4,48
0,2
3,43
0,1
4,45
0,2
5,48
0,1
4,48
0,2
5,48
0,1
3,45
0,2
4,47
0,1
4,46
0,2
4,44
0,1
2,42
0,2
0,46
138,33
193,44
99,34
159,48
107,37
84,44
92,42
74,44
86,37
77,42
138,32
255,50
116,33
142,42
62,34
109,42
114,36
4,3
21,30
29,33
31,32
51,37
37,36
31,34
45,34
75,35
101,35
48,36
53,31
70,39
92,34
48,42
52,33
38,36
45,31
49,31
48,35
38,35
54,37
57,39
46,32
76,36
65,32
56,36
58,33
43,38
66,35
15,38
47,33
51,38
56,35
45,35
49,28
43,35
46,26
4,2
36,25
2,1
37,31
2,1
35,29
41,33
76,39
39,31
73,36
31,30
87,33
40,35
71,32
48,29
48,29
50,30
45,30
36,26
22,27
19,27
31,29
35,30
41,29
42,34
46,30
41,34
38,26
65,34
35,25
19,33
17,21
49,33
8,5
23,28
12,16
17,25
14,21
5,6
10,21
5,20
1,4
5,21
11,12
5,25
3,11
4,22
2,14
2,17
4,15
4,21
5,14
5,19
4,14
10,18
5,13
5,22
4,10
2,18
4,11
3,22
2,5
7,21
1,3
2,20
1,4
7,16
6,13
5,16
5,14
3,18
2,8
4,15
2,6
4,14
1,4
3,14
1,6
2,15
1,4
4,15
1,3
4,19
1,6
3,21
1,5
1,12
1,4
3,25
1,6
2,26
1,7
4,26
2,8
2,27
0,1
2,32
0,2
2,30
0,1
3,30
0,1
2,30
0,1
6,31
1,5
4,30
1,3
9,48
0,2
5,48
0,1
6,48
0,2
4,43
0,1
4,45
0,2
4,45
0,1
5,44
0,2
5,45
0,1
5,45
0,2
5,44
0,1
4,43
0,2
6,48
0,1
4,44
0,2
3,45
0,1
3,45
0,2
3,44
0,1
4,45
0,2
3,45
0,1
3,43
0,2
4,45
0,1
5,45
0,2
3,48
0,1
4,45
0,2
4,45
0,1
4,48
0,2
4,48
0,1
4,46
0,2
4,48
0,1
4,46
0,2
4,45
0,1
4,48
0,2
3,46
0,1
4,48
0,2
3,48
0,1
3,48
0,2
4,45
0,1
4,45
0,2
3,46
0,1
4,48
0,2
3,43
0,1
4,45
0,2
5,48
0,1
4,48
0,2
5,48
0,1
3,45
0,2
4,47
0,1
4,46
0,2
4,44
0,1
2,42
0,2
0,46
66,44
106,38
134,42
77,32
36,39
49,30
28,43
63,29
39,40
57,35
58,34
26,30
28,27
12,33
12,21
22,35
5,3
28,29
7,26
2,3
9,31
4,21
5,22
15,30
13,23
41,34
12,26
43,32
15,27
27,31
16,26
8,4
24,26
12,21
9,26
15,23
31,29
3,4
30,32
2,5
19,24
4,6
12,26
6,6
7,23
3,3
12,29
4,5
6,28
1,1
7,24
5,22
5,6
15,20
20,29
3,3
24,31
1,2
23,29
6,22
4,5
1,8
3,26
1,9
3,26
67,44
106,38
136,42
76,32
38,39
51,30
29,43
75,29
37,40
57,35
58,34
26,30
28,27
13,33
12,21
21,35
5,3
28,29
7,26
2,3
10,31
4,21
5,22
15,30
14,23
41,34
12,26
40,32
15,27
29,31
16,26
8,4
24,26
11,21
8,26
15,23
29,29
3,4
31,32
2,5
19,24
5,6
12,26
6,6
7,23
3,3
12,29
4,5
5,28
1,1
7,24
6,22
5,6
15,20
20,29
3,3
24,31
1,2
25,29
5,22
4,5
1,8
2,26
1,9
3,26
82,39
45,27
67,45
39,25
48,42
70,27
58,46
83,31
52,47
127,36
60,43
53,35
58,38
72,39
29,39
62,41
6,1
63,45
58,48
88,44
101,56
8,2
51,53
71,49
55,47
66,50
12,5
29,49
2,2
20,59
29,18
22,63
26,19
25,61
26,18
24,60
22,19
18,63
23,18
19,61
21,19
16,60
4,18
12,59
82,39
46,27
67,45
37,25
48,42
67,27
56,46
81,31
45,47
122,36
59,43
54,35
57,38
71,39
28,39
63,41
5,1
60,45
58,48
86,44
100,56
7,2
51,53
72,49
55,47
66,50
12,5
29,49
2,2
20,59
29,18
22,63
27,19
25,61
27,18
24,60
22,19
18,63
23,18
17,61
20,19
14,60
3,18
12,59
69,39
21,5
238,44
93,40
155,43
77,43
76,43
145,41
185,48
87,37
148,46
47,35
57,44
69,36
65,43
35,35
46,40
27,38
45,40
74,42
134,44
55,42
64,44
71,43
48,44
90,45
60,41
30,43
44,39
61,49
70,45
42,46
104,39
38,46
45,38
26,44
22,26
21,43
11,4
42,41
14,29
42,36
15,30
21,7
17,36
30,33
23,35
35,32
33,38
37,32
21,34
33,34
28,34
33,33
24,37
32,33
36,35
44,43
24,23
8,5
19,30
5,3
15,30
6,3
11,26
21,36
26,27
20,37
5,5
33,35
7,19
16,38
3,11
22,33
4,14
4,7
4,13
7,32
2,8
11,32
1,2
11,33
2,7
5,35
0,2
4,35
1,4
4,34
1,6
4,39
1,4
4,37
1,6
3,34
1,4
3,35
1,6
3,36
1,4
3,35
1,5
3,34
0,2
2,33
0,4
2,33
0,3
2,32
1,6
3,34
1,4
3,36
1,6
3,35
1,4
3,34
1,6
3,35
1,4
3,36
1,6
2,37
1,4
3,35
1,6
3,36
1,4
3,39
1,6
2,34
0,4
2,34
1,6
3,34
1,4
2,34
1,6
2,33
1,4
3,39
2,6
3,39
1,4
3,35
1,6
3,37
1,4
3,36
1,6
2,34
1,4
3,34
1,6
2,33
0,1
2,25
0,4
3,28
70,39
21,5
238,44
93,40
157,43
76,43
77,43
158,41
188,48
90,37
160,46
47,35
56,44
78,36
71,43
37,35
47,40
30,38
45,40
72,42
132,44
55,42
66,44
70,43
47,44
85,45
60,41
30,43
43,39
60,49
70,45
42,46
105,39
39,46
43,38
26,44
22,26
21,43
11,4
42,41
13,29
46,36
16,30
21,7
17,36
30,33
22,35
36,32
33,38
37,32
21,34
33,34
28,34
34,33
24,37
32,33
36,35
47,43
24,23
8,5
19,30
4,3
15,30
6,3
11,26
21,36
26,27
20,37
5,5
33,35
8,19
17,38
4,11
21,33
4,14
4,7
4,13
7,32
2,8
11,32
1,2
11,33
2,7
5,35
0,2
4,35
1,4
4,34
2,6
4,39
1,4
4,37
1,6
3,34
1,4
3,35
1,6
3,36
1,4
3,35
1,5
3,34
0,2
3,33
0,4
2,33
0,3
2,32
1,6
3,34
1,4
3,36
1,6
2,35
1,4
3,34
1,6
3,35
1,4
3,36
1,6
2,37
1,4
3,35
1,6
3,36
1,4
3,39
1,6
2,34
0,4
2,34
1,6
4,34
0,4
2,34
1,6
2,33
1,4
3,39
1,6
3,39
1,4
3,35
1,6
3,37
1,4
3,36
1,6
2,34
1,4
2,34
1,6
2,33
0,1
2,25
0,4
2,28
82,42
47,34
112,36
36,30
89,41
29,35
36,37
55,33
61,40
56,35
89,32
28,35
12,31
47,27
97,36
25,25
69,38
39,27
38,37
